####################
 Original Robot with100000 steps 
####################

Positive x 0.2 cm 
[0.19966945052146912, -0.011390723288059235, 0.0307348370552063]
[0.012010950238589415, 0.3648448410056987, 0.01519564143705264, 0.7973035453304513, 0.011354796121276907, 0.4324682461605387, 0.02694586566520113]
Negative x 0.2 cm 
[-0.19978003203868866, -0.011351186782121658, 0.031021684408187866]
[0.04778136526025328, 0.482905391390357, 0.012441320744037745, 0.4780535792541112, 0.0009067074582110097, 0.003924892939466851, 0.05948496188378629]


Positive y 0.2 cm 
[-0.0005300343036651611, 0.18851175904273987, 0.03091171383857727]
[0.4262957820975036, 0.011096645948543427, 0.05028080704804355, 0.15025460367482268, 0.029160347702417756, 0.14055542251615405, 0.4894062755316187]
Negative y 0.2 cm 
[-0.00036284327507019043, -0.21124301850795746, 0.0308072566986084]
[0.45865705003030455, 0.07707793833824511, 0.054783556689736126, 0.25928277590175264, 0.03461967766442477, 0.1840343747552421, 0.5256974388150225]


Positive z 0.2 cm 
[-0.00024005770683288574, -0.011475972831249237, 0.23078694939613342]
[0.01173597608300807, 0.2239758934394119, 0.022342462860093233, 0.5056389823860625, 0.004002186871676407, 0.7288518694883475, 0.03463361180684446]
Negative z 0.2 cm 
[-0.0004781782627105713, -0.011413712054491043, -0.16908586025238037]
[0.03282137386778642, 0.3862178951447288, 0.004322984588191167, 0.11353504664077696, 0.01021019406295337, 0.4977902925465765, 0.0199560133059063]


####################
 Original Robot with 64 steps 
####################

Positive x 0.2 cm 
[0.0530087947845459, -0.009456545114517212, -0.043646275997161865]
[0.012006199373976598, 0.2347289831663142, 0.015154832201943037, 0.2363559083616955, 0.011324032021381089, 0.23549971385759938, 0.02692213302298871]
Negative x 0.2 cm 
[-0.09637433290481567, -0.01735500991344452, 0.025067389011383057]
[0.04776346743481939, 0.23150005084785558, 0.01240460771059377, 0.23610369371878348, 0.0010095043177253819, 0.0036867449274167186, 0.05936810529930134]


Positive y 0.2 cm 
[0.02468690276145935, 0.10890915244817734, 0.030619710683822632]
[0.230091019614898, 0.011114703642081558, 0.050216526248468396, 0.149148977502513, 0.029082406665834035, 0.13975976603716822, 0.2364167546425661]
Negative y 0.2 cm 
[0.03483062982559204, -0.11456407606601715, 0.023816406726837158]
[0.230701849609725, 0.07681048056323941, 0.05470684824783467, 0.23458284373854155, 0.034583740242637474, 0.18117027102175653, 0.2360056426237299]


Positive z 0.2 cm 
[0.01591193675994873, -0.012448720633983612, 0.14524975419044495]
[0.011972271317856605, 0.21227284582645856, 0.02235289157374889, 0.23595865410289285, 0.0040205595082824, 0.23636588084458632, 0.03399613795957617]
Negative z 0.2 cm 
[-0.01946049928665161, -0.011233732104301453, -0.10793784260749817]
[0.032811846179072776, 0.23217430406806816, 0.004351757737275839, 0.11317879656420193, 0.010167363207191322, 0.2360036033428652, 0.01996595457224115]


####################
  Robot Modified with velocity 0.01 64 steps 
####################

Positive x 0.2 cm 
[0.1541173756122589, -0.0006646551191806793, 0.5918410122394562]
[0.0027083333333333356, 0.0027076906458186056, 0.0024706213366072543, 1.4515524684580343, 0.0028687088390151327, 0.411498625320072, 0.003247485561351261]
